SM:2021-10-18T08:22:17.2906116Z
LM:2021-10-18T08:23:19.0391283Z
CT:image/jpeg
MA:2592000
CL:10879
