SM:2021-10-18T08:22:17.1814911Z
LM:2021-10-18T08:23:18.7585409Z
CT:image/jpeg
MA:2592000
CL:11828
