SM:2021-10-18T08:26:14.4104324Z
LM:2021-10-18T08:36:59.1311990Z
CT:image/jpeg
MA:2592000
CL:10879
