SM:2021-10-18T08:26:14.3738293Z
LM:2021-10-18T08:36:59.4141131Z
CT:image/jpeg
MA:2592000
CL:28935
