SM:2021-10-18T08:22:17.1913786Z
LM:2021-10-18T08:23:18.7754580Z
CT:image/jpeg
MA:2592000
CL:10330
