SM:2021-10-18T08:22:17.2434874Z
LM:2021-10-18T08:23:18.5842999Z
CT:image/jpeg
MA:2592000
CL:28935
