SM:2021-10-18T08:22:17.3016410Z
LM:2021-10-18T08:23:18.3889531Z
CT:image/jpeg
MA:2592000
CL:14521
