SM:2021-10-18T08:22:17.2966276Z
LM:2021-10-18T08:23:18.9942569Z
CT:image/jpeg
MA:2592000
CL:15889
