SM:2021-10-18T08:26:14.4154455Z
LM:2021-10-18T08:36:59.3467782Z
CT:image/jpeg
MA:2592000
CL:15889
