SM:2021-10-18T08:22:17.2474978Z
LM:2021-10-18T08:23:18.5945273Z
CT:image/jpeg
MA:2592000
CL:16333
