SM:2021-10-18T08:26:14.3532076Z
LM:2021-10-18T08:36:59.4395191Z
CT:image/jpeg
MA:2592000
CL:9946
