SM:2021-10-18T08:26:14.3889003Z
LM:2021-10-18T08:36:59.5156421Z
CT:image/jpeg
MA:2592000
CL:23015
