SM:2021-10-18T08:26:14.3401727Z
LM:2021-10-18T08:36:59.1425190Z
CT:image/jpeg
MA:2592000
CL:6871
