SM:2021-10-18T08:26:14.3341703Z
LM:2021-10-18T08:36:59.1670867Z
CT:image/jpeg
MA:2592000
CL:11828
