SM:2021-10-18T08:22:17.2434874Z
LM:2021-10-18T08:23:18.7031167Z
CT:image/jpeg
MA:2592000
CL:29331
