SM:2021-10-18T08:26:14.3452139Z
LM:2021-10-18T08:36:59.7545023Z
CT:image/jpeg
MA:2592000
CL:10330
