SM:2021-10-18T08:22:17.2523729Z
LM:2021-10-18T08:23:18.6222490Z
CT:image/jpeg
MA:2592000
CL:23015
