SM:2021-10-18T08:26:14.4194561Z
LM:2021-10-18T08:36:59.8536461Z
CT:image/jpeg
MA:2592000
CL:14521
