SM:2021-10-18T08:22:17.2384744Z
LM:2021-10-18T08:23:18.7447605Z
CT:image/jpeg
MA:2592000
CL:19835
