SM:2021-10-18T08:22:17.2687305Z
LM:2021-10-18T08:23:18.6155401Z
CT:image/jpeg
MA:2592000
CL:15010
