SM:2021-10-18T08:26:14.3963954Z
LM:2021-10-18T08:36:59.1389591Z
CT:image/jpeg
MA:2592000
CL:15256
