SM:2021-10-18T08:26:14.4054200Z
LM:2021-10-18T08:36:59.5792846Z
CT:image/jpeg
MA:2592000
CL:27763
