SM:2021-10-18T08:22:17.2856017Z
LM:2021-10-18T08:23:18.6641093Z
CT:image/jpeg
MA:2592000
CL:27763
