SM:2021-10-18T08:26:14.3688159Z
LM:2021-10-18T08:36:59.4084538Z
CT:image/jpeg
MA:2592000
CL:18603
