SM:2021-10-18T08:26:14.3838596Z
LM:2021-10-18T08:36:59.1663838Z
CT:image/jpeg
MA:2592000
CL:17265
